R(Å)      exactPDF    g(Te-Te)    g(As-Te)    g(As-As)    
  0.018480    -0.01221    -0.00833    -0.00833    -0.00833
  0.036960    -0.02406    -0.01665    -0.01665    -0.01665
  0.055440    -0.03519    -0.02498    -0.02498    -0.02498
  0.073920    -0.04535    -0.03331    -0.03331    -0.03331
  0.092400    -0.05435    -0.04164    -0.04164    -0.04164
  0.110880    -0.06214    -0.04996    -0.04996    -0.04996
  0.129360    -0.06876    -0.05829    -0.05829    -0.05829
  0.147840    -0.07438    -0.06662    -0.06662    -0.06662
  0.166320    -0.07926    -0.07495    -0.07495    -0.07495
  0.184800    -0.08373    -0.08327    -0.08327    -0.08327
  0.203280    -0.08816    -0.09160    -0.09160    -0.09160
  0.221759    -0.09292    -0.09993    -0.09993    -0.09993
  0.240239    -0.09835    -0.10825    -0.10825    -0.10825
  0.258719    -0.10473    -0.11658    -0.11658    -0.11658
  0.277199    -0.11224    -0.12491    -0.12491    -0.12491
  0.295679    -0.12097    -0.13324    -0.13324    -0.13324
  0.314159    -0.13086    -0.14156    -0.14156    -0.14156
  0.332639    -0.14178    -0.14989    -0.14989    -0.14989
  0.351119    -0.15347    -0.15822    -0.15822    -0.15822
  0.369599    -0.16560    -0.16654    -0.16654    -0.16654
  0.388079    -0.17783    -0.17487    -0.17487    -0.17487
  0.406559    -0.18976    -0.18320    -0.18320    -0.18320
  0.425039    -0.20107    -0.19153    -0.19153    -0.19153
  0.443519    -0.21146    -0.19985    -0.19985    -0.19985
  0.461999    -0.22074    -0.20818    -0.20818    -0.20818
  0.480479    -0.22883    -0.21651    -0.21651    -0.21651
  0.498959    -0.23574    -0.22484    -0.22484    -0.22484
  0.517439    -0.24162    -0.23316    -0.23316    -0.23316
  0.535919    -0.24670    -0.24149    -0.24149    -0.24149
  0.554399    -0.25129    -0.24982    -0.24982    -0.24982
  0.572879    -0.25575    -0.25814    -0.25814    -0.25814
  0.591359    -0.26044    -0.26647    -0.26647    -0.26647
  0.609839    -0.26572    -0.27480    -0.27480    -0.27480
  0.628319    -0.27186    -0.28313    -0.28313    -0.28313
  0.646798    -0.27907    -0.29145    -0.29145    -0.29145
  0.665278    -0.28745    -0.29978    -0.29978    -0.29978
  0.683758    -0.29700    -0.30811    -0.30811    -0.30811
  0.702238    -0.30758    -0.31643    -0.31643    -0.31643
  0.720718    -0.31898    -0.32476    -0.32476    -0.32476
  0.739198    -0.33091    -0.33309    -0.33309    -0.33309
  0.757678    -0.34302    -0.34142    -0.34142    -0.34142
  0.776158    -0.35494    -0.34974    -0.34974    -0.34974
  0.794638    -0.36634    -0.35807    -0.35807    -0.35807
  0.813118    -0.37692    -0.36640    -0.36640    -0.36640
  0.831598    -0.38648    -0.37473    -0.37473    -0.37473
  0.850078    -0.39490    -0.38305    -0.38305    -0.38305
  0.868558    -0.40217    -0.39138    -0.39138    -0.39138
  0.887038    -0.40840    -0.39971    -0.39971    -0.39971
  0.905518    -0.41379    -0.40803    -0.40803    -0.40803
  0.923998    -0.41862    -0.41636    -0.41636    -0.41636
  0.942478    -0.42322    -0.42469    -0.42469    -0.42469
  0.960958    -0.42793    -0.43302    -0.43302    -0.43302
  0.979438    -0.43310    -0.44134    -0.44134    -0.44134
  0.997918    -0.43901    -0.44967    -0.44967    -0.44967
  1.016398    -0.44590    -0.45800    -0.45800    -0.45800
  1.034878    -0.45387    -0.46632    -0.46632    -0.46632
  1.053358    -0.46296    -0.47465    -0.47465    -0.47465
  1.071837    -0.47309    -0.48298    -0.48298    -0.48298
  1.090317    -0.48409    -0.49131    -0.49131    -0.49131
  1.108797    -0.49569    -0.49963    -0.49963    -0.49963
  1.127277    -0.50759    -0.50796    -0.50796    -0.50796
  1.145757    -0.51946    -0.51629    -0.51629    -0.51629
  1.164237    -0.53097    -0.52462    -0.52462    -0.52462
  1.182717    -0.54182    -0.53294    -0.53294    -0.53294
  1.201197    -0.55181    -0.54127    -0.54127    -0.54127
  1.219677    -0.56077    -0.54960    -0.54960    -0.54960
  1.238157    -0.56867    -0.55792    -0.55792    -0.55792
  1.256637    -0.57554    -0.56625    -0.56625    -0.56625
  1.275117    -0.58154    -0.57458    -0.57458    -0.57458
  1.293597    -0.58688    -0.58291    -0.58291    -0.58291
  1.312077    -0.59184    -0.59123    -0.59123    -0.59123
  1.330557    -0.59673    -0.59956    -0.59956    -0.59956
  1.349037    -0.60184    -0.60789    -0.60789    -0.60789
  1.367517    -0.60747    -0.61621    -0.61621    -0.61621
  1.385997    -0.61385    -0.62454    -0.62454    -0.62454
  1.404477    -0.62113    -0.63287    -0.63287    -0.63287
  1.422957    -0.62940    -0.64120    -0.64120    -0.64120
  1.441437    -0.63865    -0.64952    -0.64952    -0.64952
  1.459917    -0.64878    -0.65785    -0.65785    -0.65785
  1.478397    -0.65963    -0.66618    -0.66618    -0.66618
  1.496876    -0.67097    -0.67451    -0.67451    -0.67451
  1.515356    -0.68254    -0.68283    -0.68283    -0.68283
  1.533836    -0.69406    -0.69116    -0.69116    -0.69116
  1.552316    -0.70528    -0.69949    -0.69949    -0.69949
  1.570796    -0.71595    -0.70781    -0.70781    -0.70781
  1.589276    -0.72590    -0.71614    -0.71614    -0.71614
  1.607756    -0.73500    -0.72447    -0.72447    -0.72447
  1.626236    -0.74322    -0.73280    -0.73280    -0.73280
  1.644716    -0.75056    -0.74112    -0.74112    -0.74112
  1.663196    -0.75711    -0.74945    -0.74945    -0.74945
  1.681676    -0.76303    -0.75778    -0.75778    -0.75778
  1.700156    -0.76848    -0.76610    -0.76610    -0.76610
  1.718636    -0.77369    -0.77443    -0.77443    -0.77443
  1.737116    -0.77888    -0.78276    -0.78276    -0.78276
  1.755596    -0.78427    -0.79109    -0.79109    -0.79109
  1.774076    -0.79004    -0.79941    -0.79941    -0.79941
  1.792556    -0.79638    -0.80774    -0.80774    -0.80774
  1.811036    -0.80340    -0.81607    -0.81607    -0.81607
  1.829516    -0.81120    -0.82440    -0.82440    -0.82440
  1.847996    -0.81981    -0.83272    -0.83272    -0.83272
  1.866476    -0.82923    -0.84105    -0.84105    -0.84105
  1.884956    -0.83939    -0.84938    -0.84938    -0.84938
  1.903436    -0.85021    -0.85770    -0.85770    -0.85770
  1.921916    -0.86154    -0.86603    -0.86603    -0.86603
  1.940395    -0.87321    -0.87436    -0.87436    -0.87436
  1.958875    -0.88503    -0.88269    -0.88269    -0.88269
  1.977355    -0.89676    -0.89101    -0.89101    -0.89101
  1.995835    -0.90818    -0.89934    -0.89934    -0.89934
  2.014315    -0.91904    -0.90767    -0.90767    -0.90767
  2.032795    -0.92912    -0.91599    -0.91599    -0.91599
  2.051275    -0.93822    -0.92432    -0.92432    -0.92432
  2.069755    -0.94618    -0.93265    -0.93265    -0.93265
  2.088235    -0.95293    -0.94098    -0.94098    -0.94098
  2.106715    -0.95846    -0.94930    -0.94930    -0.94930
  2.125195    -0.96290    -0.95763    -0.95763    -0.95763
  2.143675    -0.96647    -0.96596    -0.96596    -0.96596
  2.162155    -0.96953    -0.97429    -0.97429    -0.97429
  2.180635    -0.97256    -0.98261    -0.98261    -0.98261
  2.199115    -0.97615    -0.99094    -0.99094    -0.99094
  2.217595    -0.98095    -0.99927    -0.99927    -0.99927
  2.236075    -0.98764    -1.00759    -1.00759    -1.00759
  2.254555    -0.99685    -1.01592    -1.01592    -1.01592
  2.273035    -1.00910    -1.02425    -1.02425    -1.02425
  2.291515    -1.02471    -1.03258    -1.03258    -1.03258
  2.309995    -1.04371    -1.04090    -1.04090    -1.04090
  2.328475    -1.06575    -1.04923    -1.04923    -1.04923
  2.346955    -1.09004    -1.05756    -1.05756    -1.05756
  2.365434    -1.11530    -1.06589    -1.06589    -1.06589
  2.383914    -1.13971    -1.07421    -1.07421    -1.07421
  2.402394    -1.16096    -1.08254    -1.08254    -1.08254
  2.420874    -1.17624    -1.09087    -1.08992    -1.09087
  2.439354    -1.18242    -1.09919    -1.07205    -1.09919
  2.457834    -1.17607    -1.10752    -1.08193    -1.10752
  2.476314    -1.15374    -1.11585    -1.11505    -1.11585
  2.494794    -1.11208    -1.12418    -1.12238    -1.12418
  2.513274    -1.04811    -1.13250    -1.09267    -1.13250
  2.531754    -0.95939    -1.14083    -1.06353    -1.14083
  2.550234    -0.84433    -1.14916    -0.88108    -1.14916
  2.568714    -0.70228    -1.15748    -0.62615    -1.15748
  2.587194    -0.53377    -1.16581    -0.11688    -1.16581
  2.605674    -0.34056    -1.17414     0.42536    -1.17414
  2.624154    -0.12569    -1.18247     0.89371    -1.18247
  2.642634     0.10656    -1.19079     2.01497    -1.19079
  2.661114     0.35078    -1.19912     2.36054    -1.19912
  2.679594     0.60064    -1.20745     3.29735    -1.20745
  2.698074     0.84914    -1.21578     4.50760    -1.21578
  2.716554     1.08893    -1.22410     4.56653    -1.22410
  2.735034     1.31265    -1.23243     5.54315    -1.23243
  2.753514     1.51332    -1.24076     6.66511    -1.24076
  2.771994     1.68468    -1.24908     6.00176    -1.24908
  2.790473     1.82154    -1.25741     5.71097    -1.25741
  2.808953     1.92004    -1.26574     6.07034    -1.26574
  2.827433     1.97789    -1.27407     6.04840    -1.27407
  2.845913     1.99444    -1.28239     6.01576    -1.28239
  2.864393     1.97072    -1.29072     6.47071    -1.29072
  2.882873     1.90935    -1.29905     6.11187    -1.29905
  2.901353     1.81437    -1.30737     5.72239    -1.30737
  2.919833     1.69095    -1.31570     5.38419    -1.31570
  2.938313     1.54508    -1.32403     5.53801    -1.32403
  2.956793     1.38315    -1.33236     5.82157    -1.33236
  2.975273     1.21160    -1.34068     5.20062    -1.34068
  2.993753     1.03649    -1.34901     4.27116    -1.34901
  3.012233     0.86316    -1.35734     3.88800    -1.35734
  3.030713     0.69595    -1.36567     3.46949    -1.36567
  3.049193     0.53799    -1.37399     3.22456    -1.37399
  3.067673     0.39107    -1.38232     3.27973    -1.38232
  3.086153     0.25570    -1.39065     2.91426    -1.39065
  3.104633     0.13115    -1.39897     2.45370    -1.39897
  3.123113     0.01570    -1.40730     2.19308    -1.40730
  3.141593    -0.09312    -1.41563     1.26761    -1.41563
  3.160073    -0.19817    -1.42396     1.36105    -1.42396
  3.178553    -0.30236    -1.43228     1.07479    -1.43228
  3.197033    -0.40827    -1.44061     0.80668    -1.44061
  3.215512    -0.51783    -1.44894     0.53938    -1.44894
  3.233992    -0.63208    -1.45726     0.45295    -1.45726
  3.252472    -0.75098    -1.46559     0.04866    -1.46559
  3.270952    -0.87332    -1.47387    -0.52113    -1.47392
  3.289432    -0.99677    -1.47458    -0.69058    -1.48225
  3.307912    -1.11801    -1.44724    -0.75523    -1.49057
  3.326392    -1.23296    -1.45491    -1.00892    -1.49890
  3.344872    -1.33714    -1.48969    -1.01576    -1.50723
  3.363352    -1.42596    -1.46974    -1.08908    -1.51556
  3.381832    -1.49519    -1.38283    -1.23603    -1.52388
  3.400312    -1.54130    -1.33766    -1.22817    -1.53221
  3.418792    -1.56181    -1.33814    -1.29947    -1.54054
  3.437272    -1.55554    -1.39990    -1.48146    -1.54886
  3.455752    -1.52278    -1.26921    -1.47169    -1.55719
  3.474232    -1.46533    -1.29624    -1.51517    -1.56552
  3.492712    -1.38641    -1.12840    -1.50403    -1.57385
  3.511192    -1.29046    -1.08787    -1.54051    -1.58217
  3.529672    -1.18280    -1.05358    -1.56268    -1.59050
  3.548152    -1.06920    -0.86830    -1.59631    -1.59875
  3.566632    -0.95546    -0.83075    -1.60715    -1.59216
  3.585112    -0.84684    -0.79311    -1.61548    -1.48689
  3.603592    -0.74760     0.00856    -1.62381    -1.54461
  3.622072    -0.66060     0.46122    -1.63214    -1.57904
  3.640551    -0.58692     0.02024    -1.64046    -1.49290
  3.659031    -0.52566     0.14409    -1.64879    -1.35844
  3.677511    -0.47391     0.91371    -1.65712    -1.05325
  3.695991    -0.42678     1.33361    -1.66545    -0.81604
  3.714471    -0.37775     0.73532    -1.67377    -0.72074
  3.732951    -0.31899     0.84248    -1.68210    -0.69192
  3.751431    -0.24198     1.33654    -1.69043    -0.34180
  3.769911    -0.13807     1.56694    -1.69875    -0.08828
  3.788391     0.00077     1.94789    -1.70708     0.67227
  3.806871     0.18133     1.99470    -1.71541     1.26239
  3.825351     0.40845     2.04033    -1.72374     2.38187
  3.843831     0.68453     2.91418    -1.73206     2.69378
  3.862311     1.00907     3.18736    -1.74039     2.95233
  3.880791     1.37847     3.40995    -1.74872     4.12854
  3.899271     1.78593     3.75639    -1.75704     5.40022
  3.917751     2.22165     4.57881    -1.76537     5.59688
  3.936231     2.67316     5.38279    -1.77370     5.97296
  3.954711     3.12586     5.34636    -1.78203     6.23833
  3.973191     3.56372     7.23364    -1.79035     7.00247
  3.991671     3.97008     8.44221    -1.79868     7.56244
  4.010151     4.32854     8.86646    -1.80701     8.44571
  4.028631     4.62383    10.44784    -1.81534     9.86278
  4.047111     4.84265    10.66870    -1.82366     9.73911
  4.065590     4.97443    10.04757    -1.83199     8.46830
  4.084070     5.01190    10.12554    -1.84032     8.84226
  4.102550     4.95154     9.46292    -1.84864     9.27179
  4.121030     4.79378     9.62085    -1.85697     8.67375
  4.139510     4.54299     9.94310    -1.86530     7.54373
  4.157990     4.20725     8.18566    -1.87363     7.53264
  4.176470     3.79793     7.76241    -1.88195     6.96814
  4.194950     3.32907     7.28582    -1.89028     6.04313
  4.213430     2.81666     6.01678    -1.89861     4.93599
  4.231910     2.27776     4.83884    -1.90693     5.23495
  4.250390     1.72971     3.80241    -1.91526     3.86012
  4.268870     1.18920     2.99512    -1.92359     3.02723
  4.287350     0.67153     2.41207    -1.93192     4.04399
  4.305830     0.18992     1.83050    -1.94024     3.85343
  4.324310    -0.24502     0.94774    -1.94857     2.48463
  4.342790    -0.62561     0.39383    -1.95690     2.05228
  4.361270    -0.94730    -0.20899    -1.96523     1.94967
  4.379750    -1.20862    -0.65600    -1.97355     2.08437
  4.398230    -1.41095    -1.03814    -1.98186     0.91831
  4.416710    -1.55819    -1.47187    -1.98673     0.55705
  4.435190    -1.65621    -1.55931    -1.97458     0.67052
  4.453670    -1.71234    -1.64724    -1.97464     0.57022
  4.472150    -1.73469    -1.65498    -1.96410     0.66751
  4.490629    -1.73152    -1.79848    -1.92674     0.09783
  4.509109    -1.71069    -1.81881    -1.95986    -0.06993
  4.527589    -1.67917    -1.85732    -1.84438     0.11747
  4.546069    -1.64257    -1.96893    -1.79255    -0.06262
  4.564549    -1.60496    -2.00348    -1.85842    -0.05703
  4.583029    -1.56869    -2.05990    -1.69166    -0.30021
  4.601509    -1.53445    -2.07237    -1.57599    -0.34238
  4.619989    -1.50140    -2.05965    -1.51562    -0.44226
  4.638469    -1.46744    -2.07521    -1.17608    -0.13568
  4.656949    -1.42956    -2.09813    -1.06568    -0.54685
  4.675429    -1.38427    -2.10679    -0.85208    -0.61434
  4.693909    -1.32804    -2.11512    -0.70493    -0.90988
  4.712389    -1.25766    -2.12344    -0.35178    -0.71782
  4.730869    -1.17072    -2.13177    -0.03292    -0.84614
  4.749349    -1.06582    -2.14010     0.33573    -1.00453
  4.767829    -0.94285    -2.14842     0.88133    -1.43853
  4.786309    -0.80307    -2.15669     1.20847    -1.29376
  4.804789    -0.64912    -2.15799     1.42423    -1.07513
  4.823269    -0.48488    -2.14661     1.73280    -1.16364
  4.841749    -0.31529    -2.17840     2.20013    -1.39899
  4.860229    -0.14601    -2.19005     2.86101    -1.43039
  4.878709     0.01685    -2.19839     3.26872    -1.30525
  4.897189     0.16721    -2.20672     3.06707    -1.59355
  4.915669     0.29934    -2.21504     3.14661    -1.79960
  4.934148     0.40823    -2.22337     3.58145    -1.75529
  4.952628     0.48990    -2.23170     3.94577    -2.06290
  4.971108     0.54164    -2.24002     3.96221    -2.07867
  4.989588     0.56215    -2.24835     4.14889    -2.10294
  5.008068     0.55158    -2.25668     3.96046    -2.06247
  5.026548     0.51152    -2.26405     4.38933    -2.01879
  5.045028     0.44481    -2.25323     4.52547    -2.01593
  5.063508     0.35536    -2.26455     4.52823    -2.11382
  5.081988     0.24785    -2.24575     3.97403    -2.27372
  5.100468     0.12740    -2.21634     3.51931    -2.29582
  5.118948    -0.00073    -2.29479     3.62068    -2.22073
  5.137428    -0.13152    -2.31337     3.52272    -2.17824
  5.155908    -0.26044    -2.27853     2.78273    -2.31337
  5.174388    -0.38375    -2.24284     2.04918    -2.33159
  5.192868    -0.49860    -2.21972     1.74385    -2.33995
  5.211348    -0.60321    -2.09602     1.53370    -2.34828
  5.229828    -0.69682    -2.08532     1.10666    -2.35660
  5.248308    -0.77965    -2.18718     0.70434    -2.36313
  5.266788    -0.85273    -2.03392     0.59813    -2.33158
  5.285268    -0.91773    -1.91917     0.34254    -2.34995
  5.303748    -0.97667    -1.86563     0.18994    -2.38912
  5.322228    -1.03169    -1.72573    -0.03017    -2.39824
  5.340708    -1.08474    -1.53430    -0.41678    -2.40657
  5.359187    -1.13736    -1.28862    -0.78557    -2.41343
  5.377667    -1.19047    -1.32055    -1.07504    -2.38467
  5.396147    -1.24421    -1.34864    -0.95761    -2.39821
  5.414627    -1.29790    -1.07423    -1.13522    -2.43890
  5.433107    -1.35003    -0.97908    -1.34807    -2.44085
  5.451587    -1.39835    -0.88010    -1.54568    -2.40273
  5.470067    -1.44002    -0.85548    -1.73089    -2.45160
  5.488547    -1.47188    -0.79308    -1.79556    -2.45060
  5.507027    -1.49068    -0.87058    -1.79988    -2.38483
  5.525507    -1.49337    -1.00321    -1.85331    -2.38914
  5.543987    -1.47745    -0.75510    -1.78370    -2.39201
  5.562467    -1.44120    -0.77483    -1.89337    -2.25901
  5.580947    -1.38395    -0.78938    -2.10324    -2.20978
  5.599427    -1.30623    -0.42834    -2.15748    -2.23980
  5.617907    -1.20986     0.12938    -2.16735    -2.14067
  5.636387    -1.09798     0.22317    -2.31733    -1.87446
  5.654867    -0.97495     0.28180    -2.37819    -1.80047
  5.673347    -0.84618     0.21608    -2.37099    -1.78562
  5.691827    -0.71783     0.44066    -2.39869    -1.60319
  5.710307    -0.59654     0.38967    -2.44101    -1.81287
  5.728787    -0.48900     1.10508    -2.49527    -1.46703
  5.747267    -0.40162     1.84029    -2.53600    -1.42729
  5.765747    -0.34005     2.13705    -2.54764    -1.46560
  5.784226    -0.30887     1.85811    -2.53382    -0.96179
  5.802706    -0.31126     2.21180    -2.55203    -0.56004
  5.821186    -0.34877     1.62942    -2.55680    -0.28301
  5.839666    -0.42113     1.31294    -2.56430    -0.02614
  5.858146    -0.52623     1.30470    -2.56812     0.29895
  5.876626    -0.66018     0.69955    -2.58909     0.25358
  5.895106    -0.81744     0.35490    -2.60127     0.66677
  5.913586    -0.99110    -0.36840    -2.62994     1.27606
  5.932066    -1.17321    -0.43561    -2.57022     1.00538
  5.950546    -1.35514    -0.88673    -2.59358     0.94732
  5.969026    -1.52803    -1.32950    -2.53231     1.40276
  5.987506    -1.68324    -1.53562    -2.47873     1.24611
  6.005986    -1.81274    -1.87290    -2.34848     0.75472
  6.024466    -1.90951    -2.19577    -2.28319     1.23071
  6.042946    -1.96786    -2.17322    -2.22463     0.90722
  6.061426    -1.98364    -2.27574    -2.13475     0.67156
  6.079906    -1.95445    -2.35317    -1.70970    -0.08828
  6.098386    -1.87967    -2.45098    -1.21479     0.16783
  6.116866    -1.76042    -2.47926    -0.97015     0.23554
  6.135346    -1.59945    -2.33131    -0.81336     0.21177
  6.153826    -1.40096    -2.29432    -0.55573    -0.31969
  6.172306    -1.17033    -2.47281     0.43324    -0.57454
  6.190786    -0.91385    -2.52361     0.97354    -0.85477
  6.209265    -0.63842    -2.41826     1.13805    -1.37933
  6.227745    -0.35119    -2.42828     2.19510    -1.86171
  6.246225    -0.05935    -2.24515     2.95007    -2.01838
  6.264705     0.23019    -2.12455     3.29161    -2.15014
  6.283185     0.51097    -2.05805     3.78151    -2.36969
  6.301665     0.77718    -2.03296     4.25435    -2.11683
  6.320145     1.02373    -1.96905     5.04908    -2.42671
  6.338625     1.24632    -1.90203     5.60103    -2.40931
  6.357105     1.44148    -1.95054     6.25395    -2.40740
  6.375585     1.60653    -1.71143     6.65607    -2.15886
  6.394065     1.73954    -1.86420     6.39627    -2.37916
  6.412545     1.83931    -2.01524     7.13569    -2.50345
  6.431025     1.90527    -1.87377     7.35877    -2.53822
  6.449505     1.93751    -1.91715     7.24499    -2.38052
  6.467985     1.93671    -1.91656     7.99525    -2.47358
  6.486465     1.90418    -1.91977     8.37587    -2.76515
  6.504945     1.84185    -1.88581     7.75879    -2.63367
  6.523425     1.75231    -2.05465     7.20493    -2.52608
  6.541905     1.63885    -2.17758     6.62046    -2.50418
  6.560385     1.50553    -2.14640     6.20230    -2.72593
  6.578865     1.35711    -2.23963     6.03300    -2.76307
  6.597345     1.19914    -1.98879     5.46376    -2.47660
  6.615825     1.03781    -1.89449     4.83842    -2.50917
  6.634304     0.87987    -1.79250     4.22911    -2.21236
  6.652784     0.73250    -1.41808     4.13653    -2.09105
  6.671264     0.60301    -1.19868     3.55491    -2.16613
  6.689744     0.49862    -0.62949     2.69465    -1.82178
  6.708224     0.42614    -0.74419     2.26772    -1.40819
  6.726704     0.39156    -0.46088     1.71964    -1.05414
  6.745184     0.39977     0.14635     1.68339    -0.30438
  6.763664     0.45417     0.27262     1.39828    -0.41820
  6.782144     0.55636     0.26489     0.93350    -0.59469
  6.800624     0.70593     0.89387     0.47574     0.83380
  6.819104     0.90028     1.65064    -0.21427     0.73091
  6.837584     1.13457     2.31319    -0.43752     0.85535
  6.856064     1.40175     3.22984    -0.68410     2.08732
  6.874544     1.69282     4.41678    -1.16052     1.97503
  6.893024     1.99704     4.43000    -1.25427     2.10589
  6.911504     2.30240     5.15024    -1.08415     3.32419
  6.929984     2.59612     5.56329    -1.45555     4.03502
  6.948464     2.86523     6.24127    -1.75853     5.34943
  6.966944     3.09718     6.84054    -1.93530     5.14312
  6.985424     3.28050     6.99579    -2.05921     5.20734
  7.003904     3.40539     7.45967    -2.16551     4.53993
  7.022384     3.46425     8.31930    -2.24178     5.67293
  7.040864     3.45215     8.19318    -2.55158     6.10213
  7.059343     3.36714     7.57686    -2.75395     6.31466
  7.077823     3.21043     7.46770    -2.81144     7.14399
  7.096303     2.98640     6.90133    -2.83158     7.48823
  7.114783     2.70244     7.11951    -2.86791     6.29781
  7.133263     2.36866     6.34087    -2.91602     5.94606
  7.151743     1.99742     5.78567    -3.03695     5.95290
  7.170223     1.60272     5.04645    -3.05933     6.02690
  7.188703     1.19958     3.77567    -3.07028     6.85299
  7.207183     0.80328     2.97702    -2.97824     6.23462
  7.225663     0.42858     2.08697    -2.92682     5.49692
  7.244143     0.08904     1.16668    -2.95216     5.72113
  7.262623    -0.20366     1.14225    -2.97144     5.43236
  7.281103    -0.44029     0.73403    -2.88187     5.12629
  7.299583    -0.61450     0.48039    -2.94641     4.76453
  7.318063    -0.72307     0.40017    -2.74596     4.59153
  7.336543    -0.76608     0.18097    -2.50863     4.41161
  7.355023    -0.74681     0.45187    -2.43154     4.09496
  7.373503    -0.67152     0.88544    -2.30304     3.26342
  7.391983    -0.54908     0.65645    -2.24549     3.28164
  7.410463    -0.39048     0.64366    -2.24190     2.46867
  7.428943    -0.20818     1.06302    -2.21512     1.81305
  7.447423    -0.01550     0.85562    -1.88896     1.40702
  7.465903     0.17414     1.29780    -1.60050     1.24071
  7.484382     0.34785     1.67234    -1.57369     1.36920
  7.502862     0.49397     1.53354    -1.46956     1.05744
  7.521342     0.60257     1.93412    -1.26489     0.94641
  7.539822     0.66595     2.40679    -0.95727     0.31694
  7.558302     0.67894     2.03774    -0.82992    -0.14833
  7.576782     0.63910     1.89156    -0.83959    -0.50290
  7.595262     0.54675     1.41421    -0.85082    -0.76477
  7.613742     0.40488     1.30826    -1.08157    -0.84124
  7.632222     0.21887     1.12192    -0.96587    -1.09444
  7.650702    -0.00379     0.73632    -0.93532    -1.25546
  7.669182    -0.25402     0.43382    -0.82962    -1.61429
  7.687662    -0.52158     0.20030    -0.56628    -1.42939
  7.706142    -0.79571    -0.41009    -0.79544    -1.76152
  7.724622    -1.06557    -0.85451    -0.85577    -2.11519
  7.743102    -1.32087    -1.57679    -1.09212    -2.00339
  7.761582    -1.55228    -1.61751    -1.12120    -1.82382
  7.780062    -1.75188    -1.72456    -1.09757    -1.92775
  7.798542    -1.91346    -2.19670    -1.37434    -2.02854
  7.817022    -2.03275    -2.27111    -1.53455    -1.94596
  7.835502    -2.10756    -2.47935    -1.50466    -1.45671
  7.853982    -2.13775    -2.56817    -1.77000    -1.59214
  7.872462    -2.12517    -2.42946    -1.98362    -1.56562
  7.890942    -2.07348    -2.28055    -2.17712    -1.30999
  7.909422    -1.98788    -2.10612    -2.16086    -0.59900
  7.927901    -1.87479    -2.01223    -2.22373    -0.66235
  7.946381    -1.74152    -1.58745    -2.47146    -0.36643
  7.964861    -1.59583    -1.01119    -2.38747    -0.31294
  7.983341    -1.44558    -0.73750    -2.41717     0.05166
  8.001821    -1.29835    -0.60826    -2.52098     0.72707
  8.020301    -1.16109    -0.22310    -2.55942     0.75754
  8.038781    -1.03982     0.19425    -2.65768     0.28285
  8.057261    -0.93940     0.35321    -2.65753     0.07685
  8.075741    -0.86335     0.07182    -2.51508     0.78537
  8.094221    -0.81371     0.50351    -2.40960     0.32934
  8.112701    -0.79106     0.21881    -2.44145     0.44668
  8.131181    -0.79451     0.42337    -2.53492     0.35180
  8.149661    -0.82181     0.43352    -2.56400     0.21335
  8.168141    -0.86951     0.24101    -2.22989     0.17854
  8.186621    -0.93316     0.17622    -1.99108     0.66206
  8.205101    -1.00758    -0.28747    -2.07961    -0.05551
  8.223581    -1.08711    -0.52657    -1.97624    -0.47938
  8.242061    -1.16590    -0.84946    -2.22089    -0.66372
  8.260541    -1.23821    -1.30593    -1.94890    -1.01610
  8.279021    -1.29873    -1.44848    -1.60540    -0.98444
  8.297501    -1.34276    -1.49684    -1.14697    -1.32779
  8.315981    -1.36651    -1.77940    -0.84119    -2.14981
  8.334461    -1.36725    -2.04386    -0.54153    -2.33812
  8.352940    -1.34347    -2.19819    -0.08501    -2.18857
  8.371420    -1.29489    -2.30554     0.54967    -2.46068
  8.389900    -1.22257    -2.42126     1.04884    -2.85543
  8.408380    -1.12876    -2.52905     1.15539    -3.09940
  8.426860    -1.01687    -2.62438     1.51244    -3.12832
  8.445340    -0.89125    -2.91009     2.02638    -3.17347
  8.463820    -0.75699    -2.99175     2.42988    -3.49126
  8.482300    -0.61966    -3.12286     3.22054    -3.65807
  8.500780    -0.48505    -3.25220     3.49119    -3.57332
  8.519260    -0.35883    -3.21981     3.29384    -3.61636
  8.537740    -0.24628    -3.35768     3.65632    -3.66409
  8.556220    -0.15199    -3.33915     4.16697    -3.73439
  8.574700    -0.07964    -3.46016     4.65014    -3.73846
  8.593180    -0.03178    -3.46890     5.20611    -3.74201
  8.611660    -0.00967    -3.52037     4.87872    -3.78910
  8.630140    -0.01325    -3.45256     4.47719    -3.77318
  8.648620    -0.04107    -3.43468     4.68735    -3.79898
  8.667100    -0.09043    -3.31541     4.59373    -3.82581
  8.685580    -0.15745    -3.23736     4.51935    -3.82491
  8.704060    -0.23735    -3.23667     3.89418    -3.68422
  8.722540    -0.32465    -3.12160     3.63783    -3.60160
  8.741020    -0.41352    -3.03798     3.57897    -3.55585
  8.759500    -0.49807    -2.64882     2.98530    -3.46605
  8.777979    -0.57271    -2.58019     2.52909    -3.33538
  8.796459    -0.63248    -2.34609     1.90910    -3.30417
  8.814939    -0.67327    -2.02160     1.88868    -3.24241
  8.833419    -0.69212    -1.79461     1.39985    -3.02891
  8.851899    -0.68734    -1.62149     0.75886    -2.97714
  8.870379    -0.65862    -1.02957     0.31240    -2.77388
  8.888859    -0.60702    -0.92829     0.05435    -2.45190
  8.907339    -0.53488    -0.63448    -0.24644    -2.31632
  8.925819    -0.44567    -0.18899    -0.75057    -2.20657
  8.944299    -0.34372     0.22887    -0.88803    -2.04658
  8.962779    -0.23399     0.70217    -1.20548    -1.58242
  8.981259    -0.12167     1.10676    -1.61190    -1.27185
  8.999739    -0.01188     1.59205    -1.73439    -1.09906
  9.018219     0.09069     1.81788    -1.82783    -0.47174
  9.036699     0.18209     2.31262    -1.92619    -0.35127
  9.055179     0.25938     2.24561    -2.10027    -0.37877
  9.073659     0.32080     2.23165    -2.03861     0.10969
  9.092139     0.36590     2.21160    -2.12192     0.69852
  9.110619     0.39554     2.72091    -2.24308     0.67892
  9.129099     0.41184     2.30405    -2.06872     1.57731
  9.147579     0.41800     2.12547    -1.81645     1.67271
  9.166059     0.41807     2.27076    -1.84337     2.03577
  9.184539     0.41660     2.56416    -1.79382     1.42848
  9.203018     0.41836     1.99199    -1.64822     0.97914
  9.221498     0.42790     1.80608    -1.26584     1.24406
  9.239978     0.44924     1.31586    -1.22235     2.36960
  9.258458     0.48551     1.33457    -1.05966     1.67413
  9.276938     0.53865     1.29540    -0.75310     1.93844
  9.295418     0.60928     1.20431    -0.10513     2.00521
  9.313898     0.69649     1.06584     0.01927     1.50692
  9.332378     0.79790     0.90860     0.52114     1.05616
  9.350858     0.90972     0.83727     0.97214     0.84226
  9.369338     1.02693     1.04177     1.42889     0.72414
  9.387818     1.14358     0.98532     2.02232     0.45311
  9.406298     1.25309     0.71847     2.12000     0.35960
  9.424778     1.34870     0.68261     2.02899     0.27113
  9.443258     1.42382     0.34276     2.72092     0.00991
  9.461738     1.47250     0.61055     2.61516    -0.14828
  9.480218     1.48978     0.65691     3.08293    -0.62786
  9.498698     1.47202     0.32510     3.10790    -0.83418
  9.517178     1.41717     0.02885     3.59973    -1.37907
  9.535658     1.32488     0.11675     3.86628    -1.17293
  9.554138     1.19662    -0.12421     3.18796    -1.47144
  9.572618     1.03559    -0.13610     3.24903    -2.05792
  9.591098     0.84655    -0.83439     3.26196    -2.08936
  9.609578     0.63561    -0.73693     3.07720    -2.09768
  9.628057     0.40993    -1.31102     3.05789    -2.15208
  9.646537     0.17725    -1.68204     2.59634    -2.18310
  9.665017    -0.05440    -1.79839     2.61739    -2.28160
  9.683497    -0.27720    -2.27352     2.26535    -2.28280
  9.701977    -0.48389    -2.36990     1.87316    -2.31282
  9.720457    -0.66812    -2.40280     1.66343    -2.07086
  9.738937    -0.82476    -2.50163     1.00080    -2.03539
  9.757417    -0.95009    -2.19604     0.82430    -1.93094
  9.775897    -1.04192    -2.16522     0.45321    -1.49139
  9.794377    -1.09963    -2.07576    -0.00653    -1.06663
  9.812857    -1.12407    -1.83099    -0.22631    -0.97909
  9.831337    -1.11747    -1.62431    -0.30838    -0.87434
  9.849817    -1.08322    -1.57061    -0.29968    -0.89081
  9.868297    -1.02556    -1.27603    -0.67767    -0.76178
  9.886777    -0.94934    -1.22678    -0.85471    -0.23614
  9.905257    -0.85970    -1.00025    -0.73563    -0.16840
  9.923737    -0.76176    -0.49475    -0.93134    -0.35427
  9.942217    -0.66038    -0.38518    -1.27067     0.59862
  9.960697    -0.55987    -0.06004    -0.94643     0.49277
  9.979177    -0.46392     0.25744    -0.98013     1.19327
  9.997657    -0.37538    -2.01630    -2.70288    -1.53160
