  0.036960    -0.03150    -0.03150    -0.03150
  0.073920    -0.06300    -0.06300    -0.06300
  0.110880    -0.09449    -0.09449    -0.09449
  0.147840    -0.12599    -0.12599    -0.12599
  0.184800    -0.15749    -0.15749    -0.15749
  0.221760    -0.18898    -0.18898    -0.18898
  0.258721    -0.22048    -0.22048    -0.22048
  0.295681    -0.25197    -0.25197    -0.25197
  0.332641    -0.28346    -0.28346    -0.28346
  0.369601    -0.31495    -0.31495    -0.31495
  0.406561    -0.34644    -0.34644    -0.34644
  0.443521    -0.37793    -0.37793    -0.37793
  0.480481    -0.40941    -0.40941    -0.40941
  0.517441    -0.44090    -0.44090    -0.44090
  0.554401    -0.47238    -0.47238    -0.47238
  0.591361    -0.50386    -0.50386    -0.50386
  0.628321    -0.53533    -0.53533    -0.53533
  0.665282    -0.56681    -0.56681    -0.56681
  0.702242    -0.59828    -0.59828    -0.59828
  0.739202    -0.62974    -0.62974    -0.62974
  0.776162    -0.66121    -0.66121    -0.66121
  0.813122    -0.69267    -0.69267    -0.69267
  0.850082    -0.72413    -0.72413    -0.72413
  0.887042    -0.75558    -0.75558    -0.75558
  0.924002    -0.78703    -0.78703    -0.78703
  0.960962    -0.81848    -0.81848    -0.81848
  0.997922    -0.84992    -0.84992    -0.84992
  1.034883    -0.88136    -0.88136    -0.88136
  1.071843    -0.91279    -0.91279    -0.91279
  1.108803    -0.94422    -0.94422    -0.94422
  1.145763    -0.97565    -0.97565    -0.97565
  1.182723    -1.00707    -1.00707    -1.00707
  1.219683    -1.03848    -1.03848    -1.03848
  1.256643    -1.06989    -1.06989    -1.06989
  1.293603    -1.10129    -1.10129    -1.10129
  1.330563    -1.13269    -1.13269    -1.13269
  1.367523    -1.16408    -1.16408    -1.16408
  1.404484    -1.19547    -1.19547    -1.19547
  1.441444    -1.22685    -1.22685    -1.22685
  1.478404    -1.25823    -1.25823    -1.25823
  1.515364    -1.28959    -1.28959    -1.28959
  1.552324    -1.32096    -1.32096    -1.32096
  1.589284    -1.35231    -1.35231    -1.35231
  1.626244    -1.38366    -1.38366    -1.38366
  1.663204    -1.41500    -1.41498    -1.41500
  1.700164    -1.44634    -1.44515    -1.44634
  1.737124    -1.47766    -1.44582    -1.47766
  1.774085    -1.50898    -1.08602    -1.50898
  1.811045    -1.54029     1.22975    -1.54029
  1.848005    -1.57160     7.37391    -1.57160
  1.884965    -1.60289    12.64435    -1.60289
  1.921925    -1.63418     9.58466    -1.63418
  1.958885    -1.66546     2.89834    -1.66546
  1.995845    -1.69674     0.17114    -1.69674
  2.032805    -1.72800     1.50064    -1.72800
  2.069765    -1.75925     4.74468    -1.75925
  2.106725    -1.79050     7.35516    -1.79050
  2.143686    -1.82174     6.95342    -1.82174
  2.180646    -1.85296     3.88901    -1.85296
  2.217606    -1.88418     0.67810    -1.88417
  2.254566    -1.91539    -1.13566    -1.91532
  2.291526    -1.94659    -1.78478    -1.94607
  2.328486    -1.97778    -1.95488    -1.97503
  2.365446    -2.00896    -2.00671    -1.99658
  2.402406    -2.04013    -2.03977    -1.99287
  2.439366    -2.07129    -2.07030    -1.91791
  2.476326    -2.10244    -2.09844    -1.67909
  2.513287    -2.13358    -2.11929    -1.13812
  2.550247    -2.16471    -2.11984    -0.16478
  2.587207    -2.19582    -2.07201     1.25380
  2.624167    -2.22693    -1.92674     2.92194
  2.661127    -2.25803    -1.61858     4.47487
  2.698087    -2.28911    -1.09233     5.56680
  2.735047    -2.32018    -0.35225     6.05963
  2.772007    -2.35124     0.49187     6.04055
  2.808967    -2.38229     1.22653     5.67614
  2.845927    -2.41333     1.61125     5.07360
  2.882888    -2.44435     1.49892     4.26753
  2.919848    -2.47537     0.91911     3.28665
  2.956808    -2.50637     0.06091     2.19728
  2.993768    -2.53735    -0.83138     1.09221
  3.030728    -2.56833    -1.57194     0.06136
  3.067688    -2.59929    -2.08636    -0.82567
  3.104648    -2.63024    -2.39254    -1.52590
  3.141608    -2.66118    -2.54678    -2.02611
  3.178568    -2.69210    -2.59656    -2.34017
  3.215528    -2.72301    -2.55740    -2.49602
  3.252489    -2.75390    -2.41222    -2.51699
  3.289449    -2.78479    -2.12750    -2.40727
  3.326409    -2.81551    -1.68298    -2.14920
  3.363369    -2.84550    -1.10674    -1.71361
  3.400329    -2.87143    -0.49640    -1.07938
  3.437289    -2.87928    -0.00337    -0.25549
  3.474249    -2.82083     0.22507     0.70360
  3.511209    -2.56444     0.11916     1.69712
  3.548169    -1.83283    -0.27052     2.59445
  3.585129    -0.20150    -0.78978     3.26336
  3.622089     2.72028    -1.24547     3.59918
  3.659050     6.90253    -1.47626     3.54591
  3.696010    11.55805    -1.39371     3.10583
  3.732970    15.28091    -0.98715     2.33887
  3.769930    16.77174    -0.30910     1.35238
  3.806890    15.65678     0.54113     0.28087
  3.843850    12.72815     1.43140    -0.74248
  3.880810     9.43804     2.21467    -1.61384
  3.917770     7.08038     2.75655    -2.27537
  3.954730     6.20622     2.96879    -2.71356
  3.991690     6.52555     2.83620    -2.94373
  4.028651     7.22490     2.42277    -2.99276
  4.065611     7.45715     1.84967    -2.89216
  4.102571     6.74086     1.25115    -2.68356
  4.139531     5.10221     0.72645    -2.42636
  4.176491     2.94744     0.31047    -2.19256
  4.213451     0.79171    -0.02222    -2.04256
  4.250411    -0.98235    -0.32301    -1.99450
  4.287371    -2.22557    -0.62505    -2.00959
  4.324331    -2.98311    -0.91524    -2.00738
  4.361291    -3.39183    -1.13739    -1.90225
  4.398252    -3.59010    -1.22135    -1.63803
  4.435212    -3.67169    -1.11802    -1.20251
  4.472172    -3.67503    -0.81925    -0.62028
  4.509132    -3.58615    -0.35431     0.06438
  4.546092    -3.34307     0.22961     0.80196
  4.583052    -2.84604     0.88634     1.54365
  4.620012    -1.98831     1.57445     2.24027
  4.656972    -0.71700     2.24384     2.83973
  4.693932     0.89094     2.81805     3.28836
  4.730892     2.58352     3.19197     3.53891
  4.767853     3.97233     3.25658     3.56341
  4.804813     4.66737     2.94265     3.36527
  4.841773     4.44922     2.25838     2.98364
  4.878733     3.37595     1.29701     2.48579
  4.915693     1.75423     0.20862     1.94894
  4.952653    -0.00586    -0.84713     1.43858
  4.989613    -1.55930    -1.74229     0.99229
  5.026573    -2.72540    -2.39966     0.61572
  5.063533    -3.48788    -2.78974     0.29091
  5.100493    -3.93082    -2.91680    -0.00825
  5.137454    -4.16577    -2.80587    -0.30164
  5.174414    -4.28571    -2.49606    -0.59540
  5.211374    -4.35070    -2.03912    -0.88252
  5.248334    -4.39277    -1.49921    -1.14835
  5.285294    -4.42642    -0.94992    -1.37628
  5.322254    -4.45735    -0.46676    -1.55070
  5.359214    -4.48745    -0.11566    -1.65729
  5.396174    -4.51730     0.06035    -1.68326
  5.433134    -4.54688     0.05249    -1.61979
  5.470094    -4.57567    -0.10884    -1.46720
  5.507055    -4.60196    -0.35775    -1.24050
  5.544015    -4.62088    -0.60456    -0.97143
  5.580975    -4.62048    -0.75189    -0.70407
  5.617935    -4.57530    -0.71356    -0.48369
  5.654895    -4.43909    -0.43791    -0.34210
  5.691855    -4.14199     0.06425    -0.28542
  5.728815    -3.60194     0.69808    -0.28971
  5.765775    -2.75803     1.29229    -0.30733
  5.802735    -1.62210     1.65235    -0.28265
  5.839695    -0.32392     1.64528    -0.17227
  5.876656     0.88759     1.26932     0.03757
  5.913616     1.71192     0.66108     0.32290
  5.950576     1.91588     0.03250     0.62707
  5.987536     1.44420    -0.42251     0.87845
  6.024496     0.45673    -0.59637     1.01486
  6.061456    -0.72921    -0.48232     1.00569
  6.098416    -1.75488    -0.14504     0.86316
  6.135376    -2.33297     0.32169     0.63827
  6.172336    -2.31618     0.82521     0.40335
  6.209296    -1.71773     1.28517     0.22799
  6.246257    -0.69544     1.63422     0.15664
  6.283217     0.49651     1.82014     0.19439
  6.320177     1.58960     1.81529     0.30484
  6.357137     2.39715     1.62859     0.42040
  6.394097     2.87850     1.30958     0.46261
  6.431057     3.12903     0.93670     0.36700
  6.468017     3.30197     0.59169     0.10491
  6.504977     3.52141     0.33169    -0.30507
  6.541937     3.84843     0.17253    -0.80043
  6.578897     4.30659     0.09046    -1.29226
  6.615857     4.91196     0.03932    -1.69103
  6.652818     5.65249    -0.02672    -1.93214
  6.689778     6.42464    -0.13561    -1.99276
  6.726738     6.99762    -0.29110    -1.89451
  6.763698     7.06928    -0.47793    -1.69164
  6.800658     6.40329    -0.67389    -1.44924
  6.837618     4.96235    -0.86267    -1.22004
  6.874578     2.94642    -1.04149    -1.02843
  6.911538     0.71111    -1.21998    -0.86700
  6.948498    -1.37863    -1.41050    -0.70485
  6.985458    -3.07284    -1.61491    -0.50307
  7.022419    -4.28321    -1.81491    -0.23068
  7.059379    -5.05334    -1.97233     0.12334
  7.096339    -5.49203    -2.04035     0.54443
  7.133299    -5.71118    -1.98008     0.99438
  7.170259    -5.78914    -1.77333     1.42061
  7.207219    -5.75862    -1.42523     1.77119
  7.244179    -5.60995    -0.95724     2.01054
  7.281139    -5.30148    -0.39875     2.12937
  7.318099    -4.77464     0.21395     2.14401
  7.355059    -3.97326     0.82967     2.08598
  7.392020    -2.86560     1.37400     1.98802
  7.428980    -1.46490     1.75438     1.87343
  7.465940     0.15801     1.88523     1.75254
  7.502900     1.87771     1.72462     1.62474
  7.539860     3.53981     1.30097     1.48230
  7.576820     5.00665     0.71114     1.31371
  7.613780     6.20341     0.08711     1.10696
  7.650740     7.13313    -0.45196     0.85424
  7.687700     7.84281    -0.83822     0.55779
  7.724660     8.36041    -1.06711     0.23454
  7.761621     8.65322    -1.18096    -0.08381
  7.798581     8.64605    -1.23542    -0.35646
  7.835541     8.28856    -1.26605    -0.54380
  7.872501     7.61772    -1.27014    -0.61853
  7.909461     6.76457    -1.21162    -0.57359
  7.946421     5.89622    -1.04598    -0.42412
  7.983381     5.12874    -0.75309    -0.20276
  8.020341     4.46326    -0.36124     0.04970
  8.057301     3.78440     0.05245     0.29469
  8.094261     2.92554     0.38954     0.50293
  8.131222     1.76706     0.57519     0.65540
  8.168182     0.31120     0.59665     0.73809
  8.205142    -1.31004     0.51128     0.73413
  8.242102    -2.89506     0.41665     0.61933
  8.279062    -4.25991     0.39952     0.36580
  8.316022    -5.30177     0.49528    -0.04584
  8.352982    -6.01229     0.68160    -0.61083
  8.389942    -6.44976     0.90547    -1.28977
  8.426902    -6.69731     1.11977    -2.00997
  8.463862    -6.83062     1.30283    -2.68005
  8.500823    -6.90345     1.45223    -3.21186
  8.537783    -6.94708     1.56616    -3.54116
  8.574743    -6.97536     1.63291    -3.63918
  8.611703    -6.98873     1.63769    -3.51246
  8.648663    -6.97400     1.57812    -3.19321
  8.685623    -6.89932     1.47260    -2.72557
  8.722583    -6.70739     1.35280    -2.15316
  8.759543    -6.31414     1.24503    -1.51191
  8.796503    -5.62370     1.15311    -0.82961
  8.833463    -4.56772     1.05357    -0.13162
  8.870424    -3.16325     0.90572     0.55057
  8.907384    -1.56169     0.67100     1.17277
  8.944344    -0.04777     0.33222     1.67847
  8.981304     1.03753    -0.09594     2.00865
  9.018264     1.43178    -0.56906     2.11813
  9.055224     1.07752    -1.02638     1.99176
  9.092184     0.16517    -1.40969     1.65264
  9.129144    -0.93908    -1.68069     1.15874
  9.166104    -1.84361    -1.82977     0.58976
  9.203064    -2.27938    -1.87277     0.03071
  9.240025    -2.17445    -1.83741    -0.44235
  9.276985    -1.63240    -1.74693    -0.77116
  9.313945    -0.84376    -1.61080    -0.91951
  9.350905     0.01483    -1.42757    -0.87433
  9.387865     0.84549    -1.19629    -0.64496
  9.424825     1.63653    -0.92612    -0.26066
  9.461785     2.42040    -0.63601     0.23293
  9.498745     3.21008    -0.34553     0.77780
  9.535705     3.94760    -0.06544     1.30726
  9.572665     4.49218     0.20382     1.75053
  9.609625     4.65796     0.46570     2.04080
  9.646586     4.28717     0.72014     2.12770
  9.683546     3.32530     0.96021     1.99102
  9.720506     1.86301     1.17137     1.64870
  9.757466     0.12717     1.32967     1.15324
  9.794426    -1.57080     1.40074     0.57652
  9.831386    -2.90430     1.34774    -0.00960
  9.868346    -3.59349     1.15124    -0.54704
  9.905306    -3.44681     0.83055    -0.99395
  9.942266    -2.38364     0.44829    -1.31749
  9.979226    -0.44736     0.08972    -1.48513
 10.016187     2.18329    -0.17216    -1.46346
 10.053147     5.18687    -0.30421    -1.22954
 10.090107     8.11082    -0.31935    -0.79139
 10.127067    10.42529    -0.26415    -0.20612
 10.164027    11.63330    -0.19918     0.41938
 10.200987    11.41953    -0.18139     0.95339
 10.237947     9.77992    -0.24982     1.28290
 10.274907     7.06017    -0.41393     1.35469
 10.311867     3.86633    -0.64721     1.19202
 10.348827     0.87842    -0.89204     0.87945
 10.385788    -1.35056    -1.07852     0.52651
 10.422748    -2.52944    -1.15206     0.23026
 10.459708    -2.66144    -1.09698     0.05147
 10.496668    -1.98682    -0.94355     0.00862
 10.533628    -0.87186    -0.75356     0.08495
 10.570588     0.31420    -0.59045     0.24164
 10.607548     1.29357    -0.48982     0.43163
 10.644508     1.91437    -0.44597     0.61106
 10.681468     2.12238    -0.42241     0.74731
 10.718428     1.90608    -0.37952     0.82383
 10.755389     1.26665    -0.30241     0.84162
 10.792349     0.23741    -0.21155     0.81686
 10.829309    -1.07319    -0.15022     0.77437
 10.866269    -2.46746    -0.15782     0.73764
 10.903229    -3.70352    -0.24650     0.71868
 10.940189    -4.58181    -0.39489     0.71172
 10.977149    -5.02163    -0.55933     0.69395
 11.014109    -5.08265    -0.69180     0.63347
 11.051069    -4.92012    -0.75167     0.50094
 11.088029    -4.70081    -0.70694     0.28034
 11.124990    -4.52595    -0.53134    -0.02535
 11.161950    -4.40060    -0.20761    -0.39502
 11.198910    -4.25954     0.25888    -0.79556
 11.235870    -4.02468     0.82350    -1.19002
 11.272830    -3.65294     1.39744    -1.54426
 11.309790    -3.14798     1.86560    -1.82978
 11.346750    -2.54232     2.12518    -2.02288
 11.383710    -1.87977     2.12781    -2.10215
 11.420670    -1.21890     1.90250    -2.04805
 11.457630    -0.64855     1.54495    -1.84736
 11.494591    -0.28402     1.17716    -1.50243
 11.531551    -0.22557     0.89781    -1.04064
 11.568511    -0.49780     0.74918    -0.51634
 11.605471    -1.01570     0.71532    -0.00025
 11.642431    -1.61165     0.74737     0.44011
 11.679391    -2.11324     0.79773     0.75793
 11.716351    -2.42300     0.84347     0.93243
 11.753311    -2.54929     0.89016     0.96144
 11.790271    -2.57345     0.96035     0.85041
 11.827231    -2.57944     1.07601     0.60793
 11.864192    -2.59047     1.24242     0.25064
 11.901152    -2.54508     1.43620    -0.18806
 11.938112    -2.31820     1.60074    -0.65366
 11.975072    -1.76912     1.65492    -1.07580
 12.012032    -0.79051     1.51915    -1.38240
 12.048992     0.65977     1.15286    -1.51724
 12.085952     2.54594     0.58478    -1.45454
 12.122912     4.75130    -0.08469    -1.20635
 12.159872     7.07794    -0.71658    -0.82192
 12.196832     9.25551    -1.18778    -0.37965
 12.233793    10.97495    -1.43844     0.02758
 12.270753    11.95542    -1.48848     0.31200
 12.307713    12.02674    -1.41773     0.41172
 12.344673    11.18763    -1.32449     0.30656
 12.381633     9.60357    -1.28574     0.02329
 12.418593     7.54252    -1.33660    -0.37219
 12.455553     5.28501    -1.47259    -0.79308
 12.492513     3.05621    -1.66559    -1.15400
 12.529473     1.00178    -1.88050    -1.39047
 12.566433    -0.80466    -2.08458    -1.47053
 12.603393    -2.34686    -2.24939    -1.39690
 12.640354    -3.65407    -2.35062    -1.20070
 12.677314    -4.78432    -2.37027    -0.92989
 12.714274    -5.79642    -2.30189    -0.63598
 12.751234    -6.71940    -2.15578    -0.36252
 12.788194    -7.53588    -1.96030    -0.13760
 12.825154    -8.18642    -1.75730     0.02890
 12.862114    -8.58502    -1.59242     0.14404
 12.899074    -8.63151    -1.50245     0.22828
 12.936034    -8.21782    -1.50251     0.31156
 12.972994    -7.24091    -1.57601     0.42867
 13.009955    -5.63847    -1.67109     0.61193
 13.046915    -3.44729    -1.70747     0.87927
 13.083875    -0.85748    -1.59503     1.21992
 13.120835     1.78021    -1.26090     1.58711
 13.157795     4.02284    -0.67592     1.90846
 13.194755     5.46719     0.12986     2.11585
 13.231715     5.88973     1.06980     2.17983
 13.268675     5.32705     2.02139     2.12597
 13.305635     4.05912     2.85787     2.02062
 13.342595     2.50694     3.47999     1.93563
 13.379556     1.09312     3.83711     1.91498
 13.416516     0.12141     3.92999     1.96085
 13.453476    -0.28488     3.79450     2.04106
 13.490436    -0.17298     3.47436     2.10795
 13.527396     0.30552     2.99883     2.11727
 13.564356     0.98001     2.38049     2.04137
 13.601316     1.72272     1.63554     1.87543
 13.638276     2.46019     0.81184     1.63758
 13.675236     3.13943     0.00227     1.36322
 13.712196     3.68350    -0.67010     1.09390
 13.749157     3.97908    -1.08924     0.86249
 13.786117     3.91485    -1.18614     0.67926
 13.823077     3.44864    -0.96156     0.52607
 13.860037     2.65425    -0.48240     0.36377
 13.896997     1.70767     0.14432     0.15112
 13.933957     0.81396     0.80597    -0.13443
 13.970917     0.11644     1.41191    -0.48583
 14.007877    -0.35912     1.90448    -0.87010
 14.044837    -0.69598     2.25428    -1.24194
 14.081797    -1.02316     2.44838    -1.55758
 14.118758    -1.43505     2.48043    -1.78300
 14.155718    -1.93743     2.34703    -1.89628
 14.192678    -2.44676     2.04954    -1.88827
 14.229638    -2.84068     1.59900    -1.76412
 14.266598    -3.03049     1.02189    -1.54576
 14.303558    -3.01610     0.36331    -1.27231
 14.340518    -2.89540    -0.31550    -0.99529
 14.377478    -2.82442    -0.94652    -0.76801
 14.414438    -2.94881    -1.46826    -0.63183
 14.451398    -3.33835    -1.83763    -0.60441
 14.488359    -3.95389    -2.03595    -0.67492
 14.525319    -4.66208    -2.06841    -0.80800
 14.562279    -5.29238    -1.95925    -0.95547
 14.599239    -5.71068    -1.74514    -1.07138
 14.636199    -5.87381    -1.46882    -1.12570
 14.673159    -5.83785    -1.17384    -1.11216
 14.710119    -5.71690    -0.90118    -1.04815
 14.747079    -5.61632    -0.68696    -0.96742
 14.784039    -5.57696    -0.55879    -0.90892
 14.820999    -5.55898    -0.52859    -0.90587
 14.857960    -5.46824    -0.58465    -0.97667
 14.894920    -5.20278    -0.69052    -1.11796
 14.931880    -4.68760    -0.79697    -1.30027
 14.968840    -3.87881    -0.86338    -1.46961
 15.005800    -2.74447    -0.87409    -1.55915
 15.042760    -1.24924    -0.83666    -1.51026
 15.079720     0.63230    -0.76312    -1.29509
 15.116680     2.87317    -0.65088    -0.92925
 15.153640     5.35025    -0.48154    -0.46779
 15.190600     7.83717    -0.24140     0.01351
 15.227561    10.05221     0.05174     0.44208
 15.264521    11.74440     0.33743     0.76739
 15.301481    12.77443     0.52947     0.96834
 15.338441    13.14979     0.55390     1.04952
 15.375401    12.99953     0.38603     1.03133
 15.412361    12.50486     0.06495     0.93971
 15.449321    11.81911    -0.32221     0.79884
 15.486281    11.01180    -0.67629     0.62680
 15.523241    10.06060    -0.92314     0.43380
 15.560201     8.89423    -1.03547     0.22484
 15.597161     7.46517    -1.03283     0.00859
 15.634122     5.81249    -0.96315    -0.19093
 15.671082     4.07849    -0.87556    -0.32952
 15.708042     2.46962    -0.79644    -0.35323
 15.745002     1.18424    -0.71903    -0.22188
 15.781962     0.34433    -0.61034     0.06717
 15.818922    -0.04358    -0.43012     0.46933
 15.855882    -0.09373    -0.15088     0.90288
 15.892842    -0.01803     0.23091     1.27377
 15.929802    -0.07590     0.69473     1.50480
 15.966762    -0.49902     1.20232     1.55824
 16.003723    -1.40822     1.70393     1.44527
 16.040683    -2.75755     2.14215     1.22023
 16.077643    -4.33912     2.45533     0.96287
 16.114603    -5.85516     2.58424     0.75483
 16.151563    -7.02797     2.48263     0.65722
 16.188523    -7.69987     2.12995     0.69479
 16.225483    -7.88274     1.54205     0.85035
 16.262443    -7.74092     0.77594     1.07086
 16.299403    -7.51706    -0.07527     1.28382
 16.336363    -7.43058    -0.89855     1.41952
 16.373324    -7.58871    -1.58498     1.43177
 16.410284    -7.94536    -2.05424     1.30958
 16.447244    -8.32349    -2.27088     1.07587
 16.484204    -8.48904    -2.24744     0.77453
 16.521164    -8.24399    -2.03523     0.45223
 16.558124    -7.50214    -1.70737     0.14292
 16.595084    -6.31976    -1.33960    -0.13904
 16.632044    -4.87023    -0.99273    -0.39541
 16.669004    -3.37188    -0.69961    -0.63333
 16.705964    -2.00000    -0.45953    -0.85257
 16.742925    -0.82410    -0.24305    -1.03680
 16.779885     0.19953    -0.00871    -1.15292
 16.816845     1.18044     0.27249    -1.15972
 16.853805     2.22045     0.59487    -1.02445
 16.890765     3.35011     0.91169    -0.74209
 16.927725     4.49799     1.15206    -0.34960
 16.964685     5.49850     1.25595     0.07427
 17.001645     6.13598     1.20879     0.42890
 17.038605     6.21740     1.05516     0.62671
 17.075565     5.65557     0.88249     0.62731
 17.112526     4.53035     0.78284     0.45232
 17.149486     3.09386     0.81237     0.17255
 17.186446     1.70382     0.96729    -0.12469
 17.223406     0.70222     1.18581    -0.36975
 17.260366     0.28591     1.37467    -0.53125
 17.297326     0.42566     1.44942    -0.61796
 17.334286     0.87427     1.37238    -0.66653
 17.371246     1.26526     1.17108    -0.72241
 17.408206     1.26176     0.92730    -0.82083
 17.445166     0.69061     0.73996    -0.97312
 17.482127    -0.39436     0.67881    -1.16187
 17.519087    -1.74127     0.75124    -1.34672
 17.556047    -3.00242     0.89804    -1.47814
 17.593007    -3.86418     1.01940    -1.51371
 17.629967    -4.15299     1.01838    -1.43064
 17.666927    -3.87880     0.84134    -1.23037
 17.703887    -3.20242     0.49787    -0.93563
 17.740847    -2.34589     0.05409    -0.58247
 17.777807    -1.49021    -0.39380    -0.21055
 17.814767    -0.70990    -0.75188     0.14563
 17.851728     0.02781    -0.95470     0.46217
 17.888688     0.80831    -0.98046     0.72624
 17.925648     1.69723    -0.85504     0.93207
 17.962608     2.69092    -0.64538     1.07494
 17.999568     3.70819    -0.44221     1.14664
 18.036528     4.61401    -0.33454     1.13498
 18.073488     5.25321    -0.38361     1.02770
 18.110448     5.47994    -0.60631     0.81932
 18.147408     5.18275    -0.97448     0.51823
 18.184368     4.31007    -1.42801     0.15067
 18.221329     2.89344    -1.89384    -0.24117
 18.258289     1.05816    -2.30230    -0.60771
 18.295249    -0.98627    -2.59685    -0.90462
 18.332209    -2.97315    -2.73787    -1.10447
 18.369169    -4.61364    -2.70324    -1.20190
 18.406129    -5.63477    -2.48742    -1.21026
 18.443089    -5.82297    -2.09930    -1.15180
 18.480049    -5.07664    -1.55942    -1.04733
 18.517009    -3.45917    -0.89854    -0.91034
 18.553969    -1.22719    -0.15889    -0.74706
 18.590929     1.19815     0.60249    -0.55934
 18.627890     3.33239     1.31306    -0.34587
 18.664850     4.77825     1.89127    -0.10032
 18.701810     5.36247     2.26240     0.19036
 18.738770     5.18767     2.37978     0.54208
 18.775730     4.56506     2.24318     0.96233
 18.812690     3.85786     1.90476     1.43549
 18.849650     3.31565     1.45662     1.91364
 18.886610     2.98418     1.00181     2.32125
 18.923570     2.73234     0.61966     2.57591
 18.960530     2.37342     0.34103     2.61826
 18.997491     1.80652     0.14476     2.43622
 19.034451     1.09705    -0.02476     2.06974
 19.071411     0.45362    -0.22940     1.59229
 19.108371     0.12077    -0.51088     1.08009
 19.145331     0.25249    -0.87451     0.58686
 19.182291     0.83456    -1.28511     0.13650
 19.219251     1.69022    -1.67464    -0.26677
 19.256211     2.55725    -1.96017    -0.62071
 19.293171     3.19239    -2.06797    -0.91132
 19.330131     3.45192    -1.95538    -1.10986
 19.367092     3.31498    -1.62151    -1.18124
 19.404052     2.85051    -1.10230    -1.09988
 19.441012     2.15850    -0.45436    -0.86590
 19.477972     1.32553     0.26193    -0.51403
 19.514932     0.41602     0.99051    -0.10975
 19.551892    -0.50951     1.67694     0.26714
 19.588852    -1.37574     2.26176     0.54495
 19.625812    -2.09356     2.68064     0.67898
 19.662772    -2.58175     2.87700     0.66028
 19.699732    -2.79577     2.82211     0.51323
 19.736693    -2.75036     2.52948     0.28502
 19.773653    -2.52785     2.05222     0.03118
 19.810613    -2.26742     1.46398    -0.19931
 19.847573    -2.13126     0.83537    -0.37597
 19.884533    -2.25425     0.21951    -0.49281
 19.921493    -2.69773    -0.34836    -0.56670
 19.958453    -3.43321    -0.84348    -0.62934
 19.995413    -4.36486    -1.24527    -0.71563
