   1   2   1   0  0.2001288E+02  0.3000000E+03
  CAR 
 fcc Si                                  
   0   0   0
   1   1
 256 256 256
 256
  0.1000000E-09
  0.6250000E-11
   1
  0.1000000E-14  0.3839590E-09  0.3839590E-09  0.3839590E-09
  0.3208641E+03  0.2345615E+03
  0.000
  0.000
  0.000
  0.000
  0.000
  0.000
  0.000
  0.000
  0.000
  0.000
  0.000
  0.000
  0.000
  0.000
  0.000
  0.000
  0.000
  0.000
  0.000
  0.000
  0.000
  0.000
  0.000
  0.000
  0.000
  0.000
  0.000
  0.000
  0.000
  0.000
  0.000
  0.000
  0.000
  0.000
  0.000
  0.000
  3.623
  8.767
  6.029
  0.000
  0.000
  0.000
  0.000
  0.000
  0.000
  0.000
  0.000
  0.000
  0.000
  0.000
  0.000
  0.000
  0.000
  0.000
  0.000
  0.000
  0.000
  0.000
  0.000
  0.000
  0.000
  0.000
  0.000
  0.000
  0.000
  0.000
  0.000
  0.000
  0.000
  0.000
  0.761
  6.456
  6.701
  1.159
  0.000
  0.000
  0.000
  0.000
  0.000
  0.000
  0.000
  0.000
  0.000
  0.000
  0.000
  0.000
  0.000
  0.000
  0.000
  0.000
  0.000
  0.000
  0.000
  1.462
  4.412
  2.861
  0.000
  0.000
  0.000
  0.000
  0.000
  0.000
  0.000
  0.000
  0.000
  0.000
  0.000
  0.000
  0.000
  0.000
  0.000
  0.850
  3.912
  3.119
  0.313
  0.000
  0.000
  0.000
  0.000
  0.000
  0.000
  0.000
  0.000
  0.000
  0.000
  0.000
  0.000
  2.376
  5.037
  2.062
  0.011
  0.000
  0.000
  0.000
  0.000
  0.000
  0.000
  0.000
  0.000
  0.000
  0.033
  1.010
  1.943
  0.871
  0.000
  0.000
  0.000
  0.000
  0.000
  0.000
  0.000
  0.000
  0.000
  0.305
  2.495
  3.081
  0.626
  0.000
  0.000
  0.000
  0.000
  0.000
  0.000
  0.000
  0.000
  0.912
  4.137
  3.116
  0.273
  0.000
  0.000
  0.000
  0.000
  0.000
  0.000
  0.000
  0.314
  1.205
  0.876
  0.081
  0.000
  0.000
  0.000
  0.000
  0.000
  0.000
  0.206
  2.028
  2.447
  0.480
  0.000
  0.000
  0.000
  0.000
  0.000
  0.000
  0.586
  2.846
  2.372
  0.193
  0.000
  0.000
  0.000
  0.000
  0.000
  0.128
  1.244
  1.862
  0.413
  0.000
  0.000
  0.000
  0.000
  0.000
  0.181
  2.063
  2.324
  0.459
  0.000
  0.000
  0.000
  0.000
  0.000
  0.753
  2.466
  1.383
  0.051
  0.000
  0.000
  0.000
  0.000
  0.215
  1.348
  1.169
  0.153
  0.000
  0.000
  0.000
  0.000
  0.250
  1.271
  1.078
  0.099
  0.000
  0.000
  0.000
  0.000
  1.166
  3.463
  1.670
  0.034
  0.000
  0.000
  0.000
  0.175
  1.471
