   1   2   1   0  0.2001288E+02  0.3000000E+03
  CAR 
 fcc Si                                  
   0   0   0
   1   1
 256 256 256
 256
  0.1000000E-09
  0.6250000E-11
   1
  0.1000000E-14  0.3839590E-09  0.3839590E-09  0.3839590E-09
  0.2760966E+03  0.2657556E+02
  0.000
  0.000
  0.000
  0.000
  0.000
  0.000
  0.000
  0.000
  0.000
  0.000
  0.000
  0.000
  0.000
  0.000
  0.000
  0.000
  0.000
  0.000
  0.000
  0.000
  0.000
  0.000
  0.000
  0.000
  0.000
  0.000
  0.000
  0.000
  0.000
  0.000
  0.000
  0.000
  0.000
  0.000
  0.000
  0.000
  3.868
  9.926
  3.785
  0.878
  0.000
  0.000
  0.000
  0.000
  0.000
  0.000
  0.000
  0.000
  0.000
  0.000
  0.000
  0.000
  0.000
  0.000
  0.000
  0.000
  0.000
  0.000
  0.000
  0.000
  0.000
  0.000
  0.000
  0.000
  0.000
  0.000
  0.000
  0.000
  0.000
  0.000
  1.089
  5.984
  7.161
  0.857
  0.000
  0.000
  0.000
  0.000
  0.000
  0.000
  0.000
  0.000
  0.000
  0.000
  0.000
  0.000
  0.000
  0.000
  0.000
  0.000
  0.000
  0.000
  0.000
  1.283
  5.033
  2.053
  0.364
  0.000
  0.000
  0.000
  0.000
  0.000
  0.000
  0.000
  0.000
  0.000
  0.000
  0.000
  0.000
  0.000
  0.000
  0.714
  4.046
  3.190
  0.244
  0.000
  0.000
  0.000
  0.000
  0.000
  0.000
  0.000
  0.000
  0.000
  0.000
  0.000
  0.188
  1.830
  5.420
  2.015
  0.031
  0.000
  0.000
  0.000
  0.000
  0.000
  0.000
  0.000
  0.000
  0.000
  0.000
  1.052
  2.162
  0.558
  0.087
  0.000
  0.000
  0.000
  0.000
  0.000
  0.000
  0.000
  0.000
  0.269
  2.610
  3.110
  0.519
  0.000
  0.000
  0.000
  0.000
  0.000
  0.000
  0.000
  0.000
  0.838
  4.355
  2.988
  0.257
  0.000
  0.000
  0.000
  0.000
  0.000
  0.000
  0.013
  0.276
  1.248
  0.886
  0.053
  0.000
  0.000
  0.000
  0.000
  0.000
  0.000
  0.233
  1.920
  2.612
  0.396
  0.000
  0.000
  0.000
  0.000
  0.000
  0.000
  0.475
  3.014
  2.162
  0.346
  0.000
  0.000
  0.000
  0.000
  0.000
  0.114
  1.205
  1.927
  0.399
  0.000
  0.000
  0.000
  0.000
  0.000
  0.255
  1.846
  2.520
  0.407
  0.000
  0.000
  0.000
  0.000
  0.016
  0.665
  2.633
  1.244
  0.095
  0.000
  0.000
  0.000
  0.000
  0.248
  1.295
  1.243
  0.100
  0.000
  0.000
  0.000
  0.000
  0.192
  1.374
  0.975
  0.156
  0.000
  0.000
  0.000
  0.028
  1.096
  3.677
  1.391
  0.142
  0.000
  0.000
  0.000
  0.165
  1.514
