   1   2   1   0  0.2001288E+02  0.3000000E+03
  CAR 
 fcc Si                                  
   0   0   0
   1   1
 256 256 256
 256
  0.1000000E-09
  0.6250000E-11
   1
  0.1000000E-14  0.3839590E-09  0.3839590E-09  0.3839590E-09
  0.3101052E+03  0.3000003E+03
  0.000
  0.000
  0.000
  0.000
  0.000
  0.000
  0.000
  0.000
  0.000
  0.000
  0.000
  0.000
  0.000
  0.000
  0.000
  0.000
  0.000
  0.000
  0.000
  0.000
  0.000
  0.000
  0.000
  0.000
  0.000
  0.000
  0.000
  0.000
  0.000
  0.000
  0.000
  0.000
  0.000
  0.000
  0.000
  0.000
  3.525
 10.344
  3.873
  0.711
  0.000
  0.000
  0.000
  0.000
  0.000
  0.000
  0.000
  0.000
  0.000
  0.000
  0.000
  0.000
  0.000
  0.000
  0.000
  0.000
  0.000
  0.000
  0.000
  0.000
  0.000
  0.000
  0.000
  0.000
  0.000
  0.000
  0.000
  0.000
  0.000
  0.000
  0.984
  5.921
  7.409
  0.773
  0.000
  0.000
  0.000
  0.000
  0.000
  0.000
  0.000
  0.000
  0.000
  0.000
  0.000
  0.000
  0.000
  0.000
  0.000
  0.000
  0.000
  0.000
  0.000
  1.157
  5.464
  1.838
  0.280
  0.000
  0.000
  0.000
  0.000
  0.000
  0.000
  0.000
  0.000
  0.000
  0.000
  0.000
  0.000
  0.000
  0.000
  0.640
  4.278
  3.119
  0.159
  0.000
  0.000
  0.000
  0.000
  0.000
  0.000
  0.000
  0.000
  0.000
  0.000
  0.000
  0.114
  1.717
  5.693
  1.957
  0.000
  0.000
  0.000
  0.000
  0.000
  0.000
  0.000
  0.000
  0.000
  0.000
  0.000
  0.867
  2.419
  0.526
  0.047
  0.000
  0.000
  0.000
  0.000
  0.000
  0.000
  0.000
  0.000
  0.221
  2.582
  3.199
  0.503
  0.000
  0.000
  0.000
  0.000
  0.000
  0.000
  0.000
  0.000
  0.760
  4.640
  2.844
  0.198
  0.000
  0.000
  0.000
  0.000
  0.000
  0.000
  0.002
  0.241
  1.391
  0.825
  0.018
  0.000
  0.000
  0.000
  0.000
  0.000
  0.000
  0.233
  1.809
  2.741
  0.378
  0.000
  0.000
  0.000
  0.000
  0.000
  0.000
  0.456
  3.139
  2.106
  0.297
  0.000
  0.000
  0.000
  0.000
  0.000
  0.085
  1.201
  2.004
  0.356
  0.000
  0.000
  0.000
  0.000
  0.000
  0.225
  1.726
  2.671
  0.404
  0.000
  0.000
  0.000
  0.000
  0.004
  0.670
  2.700
  1.212
  0.067
  0.000
  0.000
  0.000
  0.000
  0.232
  1.391
  1.190
  0.072
  0.000
  0.000
  0.000
  0.000
  0.209
  1.431
  0.928
  0.130
  0.000
  0.000
  0.000
  0.005
  1.065
  3.789
  1.383
  0.091
  0.000
  0.000
  0.000
  0.152
  1.455
