  ID   Compositions    Enthalpies    Volumes    fitness  SYMM
                       (eV/atom)    (A^3/atom)    ()         
  17  [      8    ]     -5.3107     21.4477    -42.4858    65
  18  [      8    ]     -5.2617     18.1338    -42.0934   148
  62  [      8    ]     -5.1930     19.0855    -41.5440     2
  22  [      8    ]     -5.1511     21.5397    -41.2088     1
  54  [      8    ]     -5.1281     18.8599    -41.0245    11
  52  [      8    ]     -5.1127     17.6951    -40.9017     1
  47  [      8    ]     -5.0982     18.8206    -40.7859     5
  55  [      8    ]     -5.0976     15.2014    -40.7806    12
  40  [      8    ]     -5.0827     18.3832    -40.6614     2
  48  [      8    ]     -5.0802     15.0772    -40.6415     1
  45  [      8    ]     -5.0799     15.3024    -40.6391     2
  38  [      8    ]     -5.0797     15.1574    -40.6377    10
  27  [      8    ]     -5.0707     15.1455    -40.5657     1
   7  [      8    ]     -5.0658     15.0350    -40.5262    65
  31  [      8    ]     -5.0582     15.4303    -40.4660    12
  26  [      8    ]     -5.0565     15.0593    -40.4517    42
  43  [      8    ]     -5.0519     18.5689    -40.4156     1
  64  [      8    ]     -5.0518     17.1529    -40.4143     2
  53  [      8    ]     -5.0356     15.5982    -40.2852     2
   6  [      8    ]     -5.0353     15.8687    -40.2826     2
