Gen   ID    Origin   Composition    Enthalpy   Volume  Density   Fitness   KPOINTS  SYMM  Q_entr A_order S_order
                                      (eV)     (A^3)  (g/cm^3)
  1    1   Random    [      8    ]   -40.720   121.373   3.074    -40.720 [ 4  4  4]   1  0.032  2.467  2.402
  1    2   Random    [      8    ]   -40.361   151.211   2.467    -40.361 [ 3  3  5]   2  0.110  1.925  1.704
  1    3   Random    [      8    ]   -40.881   121.186   3.079    -40.881 [ 4  4  4]  11  0.094  2.057  1.867
  1    4   Random    [      8    ]   -40.155   123.316   3.026    -40.155 [ 4  4  4]   2  0.016  2.391  2.363
  1    5   Random    [      8    ]   -40.232   141.001   2.646    -40.232 [ 4  4  4]   1  0.156  1.821  1.531
  1    6   Random    [      8    ]   -40.283   126.950   2.939    -40.283 [ 4  4  4]   2  0.007  2.501  2.492
  1    7   Random    [      8    ]   -40.526   120.280   3.102    -40.526 [ 4  4  4]  65  0.000  2.298  2.304
  1    8   Random    [      8    ]   -40.555   121.078   3.081    -40.555 [ 4  4  4]   1  0.027  2.123  2.079
  1    9   Random    [      8    ]   -39.593   168.929   2.209    -39.593 [ 4  3  4]   1  0.096  2.183  1.983
  1   10   Random    [      8    ]   -39.426   116.445   3.204    -39.426 [ 6  5  2]   2  0.001  2.188  2.193
  1   11   Random    [      8    ]   -39.848   120.423   3.098    -39.848 [ 5  4  4]   1  0.125  2.017  1.767
  1   12   Random    [      8    ]   -40.259   128.045   2.914    -40.259 [ 4  4  4]   2  0.004  2.501  2.499
  1   13   Random    [      8    ]   -40.178   129.527   2.880    -40.178 [ 3  3  5]   1  0.103  1.905  1.722
  1   14   Random    [      8    ]   -40.043   127.081   2.936    -40.043 [ 4  4  4]   1  0.011  2.376  2.359
  1   15   Random    [      8    ]   -39.662   166.147   2.246    -39.662 [ 4  4  4]   2  0.034  1.757  1.711
  1   16   Random    [      8    ]   -42.067   144.189   2.588    -42.067 [ 4  4  4]   1  0.014  2.459  2.435
  1   17   Random    [      8    ]   -42.486   171.581   2.174    -42.486 [ 5  3  3]  65  0.008  2.913  2.897
  1   18   Random    [      8    ]   -42.093   145.071   2.572    -42.093 [ 4  4  4] 148  0.047  2.467  2.367
  1   19   Random    [      8    ]   -39.224   124.565   2.995    -39.224 [ 4  4  4]   1  0.149  1.714  1.456
  1   20   Random    [      8    ]   -39.411   153.817   2.426    -39.411 [ 5  4  3]   1  0.062  2.033  1.923
  2   21  Heredity   [      8    ]   -40.638   120.668   3.092    -40.638 [ 4  4  4]  10  0.006  2.419  2.413
  2   22  Heredity   [      8    ]   -41.209   172.318   2.165    -41.209 [ 4  3  4]   1  0.100  2.120  1.922
  2   23  Heredity   [      8    ]   -40.325   137.277   2.718    -40.325 [ 5  3  3]   1  0.134  1.851  1.609
  2   24  Heredity   [      8    ]   -40.253   138.188   2.700    -40.253 [ 4  4  3]   2  0.025  2.467  2.419
  2   25  Heredity   [      8    ]   -40.640   120.571   3.094    -40.640 [ 4  4  4]  67  0.016  2.434  2.407
  2   26  Heredity   [      8    ]   -40.452   120.474   3.097    -40.452 [ 4  4  3]  42  0.053  2.210  2.108
  2   27  Heredity   [      8    ]   -40.566   121.164   3.079    -40.566 [ 4  4  4]   1  0.007  2.058  2.053
  2   28  Heredity   [      8    ]   -40.475   123.229   3.028    -40.475 [ 4  4  3]  74  0.006  2.368  2.362
  2   29  Heredity   [      8    ]   -40.203   140.078   2.663    -40.203 [ 3  3  5]   1  0.174  1.869  1.524
  2   30  Heredity   [      8    ]   -40.643   120.670   3.092    -40.643 [ 4  4  4]   1  0.012  2.405  2.386
  2   31   Random    [      8    ]   -40.466   123.442   3.022    -40.466 [ 4  3  4]  12  0.001  2.398  2.401
  2   32   Random    [      8    ]   -38.170   173.780   2.147    -38.170 [ 3  4  4]   1  0.106  2.362  2.097
  2   33 softmutate  [      8    ]   -40.769   121.482   3.071    -40.769 [ 4  4  4]   5  0.030  2.317  2.261
  2   34   Random    [      8    ]   -39.704   125.234   2.979    -39.704 [ 4  4  4]   9  0.142  1.748  1.499
  2   35   Random    [      8    ]   -39.454   137.092   2.722    -39.454 [ 3  3  5]   1  0.129  1.860  1.628
  2   36 LatMutate   [      8    ]   -40.650   138.605   2.692    -40.650 [ 5  4  3]   1  0.127  2.006  1.759
  2   37 LatMutate   [      8    ]   -40.150   126.334   2.953    -40.150 [ 5  3  3]   2  0.124  1.804  1.583
  2   38 softmutate  [      8    ]   -40.638   121.259   3.077    -40.638 [ 4  4  4]  10  0.001  2.583  2.588
  2   39 keptBest    [      8    ]   -42.486   171.581   2.174    -42.486 [ 5  3  3]  65  0.008  2.913  2.897
  2   40 softmutate  [      8    ]   -40.661   147.066   2.537    -40.661 [ 4  3  4]   2  0.064  1.940  1.833
  2   41 keptBest    [      8    ]   -40.881   121.186   3.079    -40.881 [ 4  4  4]  11  0.094  2.057  1.867
  2   42 keptBest    [      8    ]   -40.720   121.373   3.074    -40.720 [ 4  4  4]   1  0.032  2.467  2.402
  2   43 softmutate  [      8    ]   -40.416   148.552   2.512    -40.416 [ 3  3  5]   1  0.136  1.917  1.659
  2   44 softmutate  [      8    ]   -40.217   145.907   2.557    -40.217 [ 3  3  6]   2  0.102  1.781  1.612
  3   45  Heredity   [      8    ]   -40.639   122.419   3.048    -40.639 [ 4  4  4]   2  0.010  2.169  2.158
  3   46   Random    [      8    ]   -40.236   127.804   2.919    -40.236 [ 4  4  4]  15  0.006  2.687  2.678
  3   47  Heredity   [      8    ]   -40.786   150.565   2.478    -40.786 [ 5  2  5]   5  0.118  2.304  2.050
  3   48  Heredity   [      8    ]   -40.642   120.617   3.093    -40.642 [ 4  4  4]   1  0.023  2.449  2.406
  3   49  Heredity   [      8    ]   -39.873   139.120   2.682    -39.873 [ 3  5  3]   1  0.153  1.880  1.588
  3   50  Heredity   [      8    ]   -40.489   120.325   3.101    -40.489 [ 3  4  4]  12  0.033  2.008  1.956
  3   51  Heredity   [      8    ]   -39.976   125.985   2.961    -39.976 [ 4  4  4]   1  0.150  1.726  1.466
  3   52  Heredity   [      8    ]   -40.902   141.561   2.636    -40.902 [ 5  3  3]   1  0.030  2.003  1.957
  3   53   Random    [      8    ]   -40.285   124.786   2.990    -40.285 [ 2  4  7]   2  0.028  2.001  1.958
  3   54  Heredity   [      8    ]   -41.025   150.879   2.473    -41.025 [ 5  3  3]  11  0.032  2.380  2.319
  3   55   Random    [      8    ]   -40.781   121.611   3.068    -40.781 [ 4  4  4]  12  0.016  2.406  2.379
  3   56 LatMutate   [      8    ]   -40.248   128.462   2.904    -40.248 [ 5  3  3]   1  0.146  1.720  1.468
  3   57 keptBest    [      8    ]   -42.486   171.581   2.174    -42.486 [ 5  3  3]  65  0.008  2.913  2.897
  3   58 keptBest    [      8    ]   -40.881   121.186   3.079    -40.881 [ 4  4  4]  11  0.094  2.057  1.867
  3   59 LatMutate   [      8    ]   -39.610   170.779   2.185    -39.610 [ 3  3  6]   1  0.158  2.231  1.860
  3   60 softmutate  [      8    ]   -40.214   135.242   2.759    -40.214 [ 5  3  4]   1  0.161  1.760  1.466
  3   61 keptBest    [      8    ]   -40.720   121.373   3.074    -40.720 [ 4  4  4]   1  0.032  2.467  2.402
  3   62 softmutate  [      8    ]   -41.544   152.684   2.444    -41.544 [ 5  3  4]   2  0.081  1.976  1.831
  3   63 softmutate  [      8    ]   -40.048   161.095   2.316    -40.048 [ 5  2  4]   1  0.111  2.056  1.843
  3   64 softmutate  [      8    ]   -40.414   137.223   2.719    -40.414 [ 4  4  4]   2  0.137  1.712  1.481
  3   65 softmutate  [      8    ]   -39.802   129.636   2.878    -39.802 [ 4  4  5]   1  0.171  1.770  1.442
  3   66 softmutate  [      8    ]   -39.297   149.108   2.502    -39.297 [ 6  3  2]   1  0.180  1.944  1.564
  3   67 softmutate  [      8    ]   -40.182   127.474   2.927    -40.182 [ 4  4  4]   2  0.047  2.089  2.006
